0 0.628925 0.610707 0.617984 0.776488 0.873595
56 0.188501 0.950158 0.291728 0.0987465 0.37372
2 0.106287 0.0506299 0.120411 0.0477985 0.262494
0 0.631721 0.610649 0.625737 0.776617 0.836129
56 0.189275 0.950436 0.290904 0.0981934 0.425826
9 0.561958 0.0372091 0.221343 0.0738624 0.359637
0 0.637938 0.610623 0.625591 0.776571 0.862802
56 0.191563 0.950099 0.296202 0.0989222 0.368469
0 0.620692 0.60631 0.578718 0.785361 0.901498
56 0.19324 0.950266 0.299514 0.0985349 0.640014
0 0.621541 0.607538 0.581274 0.782882 0.867756
56 0.192283 0.950281 0.298847 0.098496 0.581397
0 0.520049 0.60246 0.948054 0.791207 0.889741
0 0.528528 0.600837 0.940957 0.794779 0.739739
56 0.168551 0.950083 0.248944 0.098974 0.258894
0 0.511983 0.604315 0.946945 0.787585 0.900918
0 0.513518 0.60541 0.944098 0.785727 0.830533
0 0.517683 0.604454 0.950161 0.786685 0.835255
0 0.640689 0.60069 0.718622 0.795415 0.669149
73 0.752538 0.155496 0.0200832 0.140141 0.652577
0 0.648594 0.606562 0.698218 0.783901 0.891385
56 0.188078 0.950028 0.290016 0.0985209 0.376196
73 0.753359 0.154727 0.0215353 0.137949 0.255236
0 0.653384 0.603457 0.681313 0.791222 0.922456
56 0.18836 0.950242 0.28966 0.0986354 0.421601
0 0.641702 0.607275 0.627515 0.782813 0.895327
56 0.191422 0.94984 0.301124 0.0990367 0.343767
0 0.623601 0.615131 0.598142 0.767687 0.914316
56 0.190756 0.950329 0.294609 0.0979462 0.728149
0 0.617575 0.620854 0.595256 0.755155 0.921207
56 0.187926 0.950191 0.289761 0.098646 0.625587
0 0.623429 0.618444 0.611588 0.761136 0.907414
56 0.18651 0.950183 0.285362 0.0987322 0.575677
0 0.623281 0.615399 0.608411 0.767265 0.916831
56 0.187301 0.950359 0.286278 0.0977626 0.718636
67 0.696385 0.525758 0.0524329 0.072451 0.256966
0 0.609287 0.615673 0.594596 0.766893 0.900992
56 0.183274 0.950155 0.278858 0.0987577 0.707712
0 0.592605 0.61838 0.561313 0.761329 0.906657
56 0.184623 0.950486 0.281312 0.0981251 0.642577
0 0.620356 0.618921 0.601535 0.760355 0.858185
56 0.186153 0.95026 0.285516 0.0986203 0.525495
0 0.613015 0.614914 0.593032 0.768651 0.870869
56 0.186361 0.950247 0.284228 0.0986526 0.541154
0 0.62121 0.613222 0.635778 0.771811 0.880146
56 0.181039 0.950011 0.273379 0.098615 0.639656
0 0.647975 0.609064 0.666085 0.779741 0.875881
56 0.186341 0.950141 0.284132 0.0988125 0.54082
0 0.616693 0.610116 0.594599 0.777881 0.91519
56 0.186834 0.950046 0.284793 0.0984924 0.563923
0 0.618013 0.610514 0.601724 0.777292 0.882255
56 0.186198 0.950337 0.283984 0.0984332 0.571941
55 0.569225 0.0374014 0.229246 0.0740664 0.362781
0 0.608398 0.612085 0.601125 0.774073 0.750879
56 0.148575 0.949971 0.210438 0.0988622 0.378053
0 0.574959 0.609189 0.685599 0.780516 0.806589
55 0.56442 0.0377261 0.229605 0.0746364 0.288901
0 0.954545 0.950075 0.0893467 0.0991123 0.286168
39 0.323373 0.774651 0.0369447 0.152197 0.270716
0 0.634655 0.609049 0.575414 0.780512 0.846797
0 0.316715 0.89466 0.142277 0.209758 0.297022
56 0.154423 0.950018 0.221548 0.0985992 0.271852
0 0.628709 0.609526 0.638542 0.778508 0.896335
56 0.188034 0.950196 0.287555 0.0986893 0.430191
0 0.665906 0.611501 0.579798 0.775238 0.886453
65 0.968908 0.950007 0.0607735 0.0990616 0.367186
56 0.215958 0.949959 0.34461 0.0991666 0.314812
0 0.700842 0.615361 0.564977 0.766924 0.91826
55 0.568457 0.0372922 0.226122 0.0738042 0.512785
24 0.376543 0.867788 0.183561 0.262442 0.34199
56 0.216039 0.949985 0.347448 0.0988626 0.33655
28 0.376916 0.867868 0.183047 0.261939 0.310344
0 0.710535 0.61802 0.57648 0.76133 0.936297
56 0.215012 0.950326 0.343893 0.0984793 0.360999
0 0.564334 0.0375426 0.229103 0.0744652 0.250851
0 0.715028 0.622956 0.567225 0.751712 0.951745
56 0.215172 0.950489 0.34348 0.0981645 0.492486
56 0.146579 0.832154 0.292169 0.332604 0.345052
24 0.379042 0.869336 0.18776 0.259994 0.338804
0 0.712562 0.622454 0.572811 0.752527 0.957791
56 0.214967 0.950414 0.342172 0.0983147 0.42633
24 0.379003 0.868894 0.187314 0.260142 0.27782
0 0.712953 0.62174 0.571782 0.753932 0.94522
24 0.377465 0.86822 0.187584 0.262434 0.340962
0 0.715043 0.625659 0.566998 0.746221 0.951389
56 0.215578 0.950426 0.342995 0.0982787 0.499245
24 0.377551 0.868623 0.187234 0.26028 0.37283
0 0.710874 0.622912 0.574738 0.751786 0.941182
56 0.21358 0.950236 0.344988 0.098215 0.408756
24 0.378289 0.86943 0.186316 0.26056 0.381828
56 0.147319 0.833115 0.293869 0.332527 0.255923
0 0.689155 0.620629 0.603834 0.756402 0.907944
24 0.377135 0.867041 0.179269 0.258995 0.542007
56 0.216399 0.950207 0.345239 0.098656 0.339694
55 0.566895 0.0373802 0.224583 0.0739465 0.266781
0 0.685859 0.615291 0.609692 0.767885 0.866241
56 0.208446 0.950272 0.328326 0.0985593 0.295688
0 0.65797 0.615504 0.565625 0.766664 0.807447
39 0.739451 0.626984 0.0255224 0.124898 0.53299
56 0.0934324 0.918652 0.185864 0.16095 0.381337
0 0.665161 0.615437 0.546805 0.766884 0.870116
56 0.230179 0.919726 0.372815 0.159544 0.440614
0 0.643088 0.610835 0.611094 0.775473 0.769985
56 0.197726 0.950344 0.306955 0.0983892 0.345848
0 0.490874 0.608455 0.944092 0.780083 0.273403
0 0.666888 0.608919 0.640566 0.779691 0.784989
73 0.752185 0.170554 0.0192277 0.169907 0.322493
56 0.201173 0.950199 0.314837 0.0986936 0.287835
0 0.501577 0.608176 0.949513 0.778936 0.283537
0 0.671425 0.611737 0.643538 0.774815 0.864205
56 0.201584 0.950503 0.314898 0.0981204 0.480421
73 0.752618 0.174337 0.0194246 0.175886 0.371194
0 0.673899 0.610447 0.64669 0.77707 0.92006
56 0.201299 0.950416 0.313249 0.0982413 0.519783
73 0.752466 0.17481 0.0206285 0.176569 0.482464
0 0.67285 0.609808 0.649815 0.778122 0.741032
56 0.201328 0.950666 0.314485 0.0977687 0.40859
39 0.272533 0.820149 0.046188 0.167631 0.351394
26 0.364697 0.856527 0.15629 0.233826 0.257061
0 0.667741 0.61274 0.638268 0.772975 0.852497
56 0.201016 0.950405 0.312923 0.0982753 0.504462
56 0.20084 0.950739 0.312391 0.0976217 0.698125
0 0.657231 0.611086 0.622347 0.774678 0.617874
0 0.493369 0.609141 0.959313 0.777965 0.321664
55 0.567698 0.0375532 0.227831 0.0743072 0.275091
0 0.672432 0.609915 0.651716 0.777759 0.784656
56 0.200635 0.950727 0.312901 0.0976793 0.421583
46 0.672468 0.682982 0.061018 0.209942 0.277189
0 0.672197 0.61046 0.651782 0.777246 0.789127
56 0.200162 0.950478 0.311503 0.0981194 0.464739
0 0.665066 0.612176 0.639343 0.772674 0.674617
56 0.200965 0.950314 0.313233 0.0984908 0.287639
0 0.666584 0.611469 0.641867 0.773908 0.557301
0 0.498969 0.610741 0.948017 0.773079 0.487841
56 0.202043 0.950105 0.316635 0.0986404 0.265452
0 0.507927 0.611474 0.9741 0.77129 0.566949
0 0.676594 0.612312 0.642044 0.772596 0.51325
56 0.204882 0.95039 0.320651 0.0982849 0.278453
0 0.612055 0.617691 0.656615 0.762455 0.912976
56 0.17891 0.950151 0.268498 0.0988056 0.399689
0 0.592667 0.622328 0.695448 0.752323 0.78506
56 0.153747 0.950406 0.220566 0.0983421 0.357798
0 0.492525 0.622544 0.886098 0.752693 0.824975
0 0.558511 0.623213 0.748512 0.751637 0.783124
14 0.147188 0.784779 0.293025 0.238708 0.496221
55 0.569389 0.0374955 0.228479 0.0742339 0.333792
0 0.501339 0.624876 0.885374 0.748466 0.805948
0 0.50723 0.626665 0.931978 0.742323 0.843939
0 0.620608 0.631745 0.606148 0.734387 0.917935
56 0.191074 0.950634 0.291957 0.0978073 0.493342
0 0.638011 0.598162 0.666088 0.800424 0.867638
56 0.188223 0.95032 0.286792 0.0984552 0.467367
0 0.62948 0.505232 0.736975 0.987755 0.918851
27 0.0456172 0.514714 0.0908421 0.349207 0.424743
56 0.0964853 0.879493 0.192462 0.234426 0.357673
56 0.162301 0.950203 0.23665 0.0981508 0.355937
0 0.244794 0.731387 0.488649 0.42584 0.805189
0 0.697264 0.499567 0.598361 0.992899 0.738999
24 0.381524 0.869339 0.193783 0.259753 0.269926
45 0.214778 0.94957 0.342907 0.0995855 0.253522
0 0.528163 0.501303 0.932706 0.99181 0.889096
0 0.535018 0.652653 0.18109 0.694355 0.898117
56 0.881987 0.894529 0.233998 0.208669 0.836297
24 0.381325 0.86825 0.194536 0.261781 0.421704
59 0.106657 0.958527 0.210221 0.0816989 0.339254
56 0.0975804 0.869815 0.194526 0.224349 0.327393
0 0.586738 0.654226 0.193048 0.690249 0.925182
56 0.880952 0.895067 0.235615 0.207955 0.761985
24 0.380046 0.868807 0.194673 0.260005 0.420987
59 0.105874 0.957962 0.208797 0.0831351 0.274623
0 0.586625 0.658507 0.194891 0.681297 0.926902
56 0.880326 0.894432 0.236701 0.209267 0.756186
24 0.381961 0.868564 0.193979 0.260151 0.535608
0 0.581334 0.657733 0.19766 0.683856 0.933492
56 0.881361 0.894404 0.235397 0.209018 0.835216
24 0.379071 0.869348 0.195974 0.25796 0.295976
0 0.581904 0.657821 0.198018 0.684041 0.933715
56 0.881404 0.895153 0.235154 0.207611 0.817836
24 0.377859 0.868843 0.19648 0.258413 0.369856
56 0.357171 0.869832 0.237265 0.25942 0.30702
59 0.106212 0.95765 0.209725 0.0835159 0.280313
0 0.579477 0.657545 0.193475 0.682421 0.932522
56 0.881712 0.895672 0.234528 0.206401 0.802968
24 0.379707 0.86871 0.195182 0.259052 0.392713
59 0.106614 0.958109 0.210459 0.0825825 0.295793
0 0.577603 0.65836 0.189677 0.68077 0.937383
56 0.881299 0.894846 0.235579 0.208116 0.866365
24 0.379773 0.868783 0.195352 0.25924 0.482923
56 0.128147 0.876244 0.256093 0.233291 0.26528
59 0.105771 0.95776 0.208717 0.0834106 0.259865
56 0.357519 0.870285 0.239254 0.259187 0.254786
0 0.576922 0.658266 0.189217 0.681007 0.936182
56 0.881691 0.895306 0.234608 0.207247 0.853853
24 0.381265 0.867994 0.191794 0.260209 0.370672
56 0.355551 0.870707 0.237806 0.257368 0.328739
0 0.57523 0.658216 0.185934 0.682488 0.934819
56 0.881195 0.894962 0.235596 0.207843 0.826173
56 0.357246 0.870744 0.238325 0.257521 0.302433
59 0.105034 0.958159 0.20731 0.0827607 0.254164
0 0.575117 0.657816 0.184792 0.683053 0.933957
56 0.881458 0.894426 0.234903 0.209022 0.779597
24 0.380504 0.869663 0.194396 0.257986 0.422003
59 0.108402 0.95787 0.214073 0.0830355 0.340458
56 0.0970299 0.870594 0.193317 0.221577 0.297868
39 0.271984 0.834775 0.0486601 0.194391 0.271417
0 0.577719 0.657262 0.182503 0.683376 0.924656
56 0.88135 0.895035 0.235347 0.207573 0.845072
24 0.381186 0.86782 0.192955 0.260242 0.413506
28 0.38141 0.867875 0.192502 0.26026 0.312746
0 0.598267 0.659227 0.165884 0.680413 0.909686
56 0.881181 0.894079 0.235319 0.209538 0.578539
24 0.381414 0.869343 0.190793 0.259852 0.38118
56 0.0996527 0.869244 0.198462 0.226034 0.337622
0 0.604451 0.663087 0.16385 0.67142 0.923674
56 0.88066 0.891219 0.237088 0.215877 0.547841
24 0.382545 0.869871 0.191001 0.258187 0.434081
59 0.105599 0.95858 0.208623 0.0817113 0.270137
56 0.0990224 0.868513 0.197211 0.220686 0.267239
0 0.597706 0.680187 0.148408 0.63788 0.917317
24 0.379838 0.869819 0.194129 0.258669 0.469986
56 0.880819 0.892612 0.236781 0.212988 0.456829
56 0.0971318 0.871326 0.193755 0.218864 0.401928
59 0.106211 0.958251 0.209588 0.0822097 0.366717
0 0.56459 0.037477 0.225632 0.0743641 0.251072
56 0.881143 0.895042 0.235624 0.207583 0.778702
0 0.552197 0.709283 0.214104 0.576987 0.472761
24 0.379037 0.866104 0.185735 0.253449 0.450225
56 0.0988109 0.862931 0.19685 0.20834 0.357832
0 0.615285 0.712649 0.0936095 0.465024 0.860548
39 0.511899 0.510975 0.164202 0.62773 0.63792
56 0.881468 0.894823 0.234731 0.20806 0.628789
0 0.242598 0.817458 0.483503 0.288651 0.55669
38 0.663209 0.439389 0.0292656 0.128388 0.313524
39 0.489516 0.486604 0.157523 0.631635 0.948956
0 0.619712 0.690329 0.0893079 0.418463 0.831915
0 0.243936 0.815235 0.485902 0.317415 0.627984
56 0.88086 0.893797 0.235558 0.210418 0.613947
27 0.0450495 0.523949 0.0895631 0.366727 0.286886
39 0.485753 0.492797 0.155467 0.634166 0.929063
0 0.604586 0.70456 0.102662 0.430103 0.869554
0 0.240763 0.829373 0.480857 0.337123 0.679015
56 0.880608 0.892133 0.237074 0.213683 0.544091
0 0.596794 0.700525 0.0869157 0.413783 0.884211
39 0.487824 0.500152 0.157495 0.627996 0.869478
56 0.881222 0.894562 0.234934 0.208747 0.759053
0 0.240889 0.819014 0.480295 0.310066 0.731408
26 0.372438 0.921581 0.10133 0.140046 0.266073
0 0.588819 0.69244 0.0850141 0.386681 0.822949
56 0.88161 0.894864 0.234575 0.208096 0.739802
0 0.241298 0.832883 0.482157 0.329489 0.726575
39 0.482721 0.504115 0.158575 0.630731 0.723843
0 0.627003 0.716861 0.0687261 0.297447 0.345008
14 0.158666 0.721522 0.26843 0.114801 0.309522
39 0.481155 0.503425 0.158533 0.626198 0.821844
56 0.88081 0.894587 0.235851 0.208949 0.762373
0 0.587545 0.695404 0.088294 0.391237 0.758321
0 0.239819 0.831096 0.477987 0.332028 0.744991
0 0.582304 0.694709 0.0976599 0.383182 0.882882
39 0.476632 0.502086 0.158372 0.624462 0.813132
56 0.881393 0.894361 0.235094 0.209176 0.798472
0 0.238782 0.829579 0.474862 0.330746 0.766558
0 0.577837 0.695067 0.0935167 0.380801 0.905195
39 0.476921 0.508232 0.157767 0.625406 0.845584
56 0.881277 0.895848 0.235456 0.20625 0.808342
0 0.240849 0.830662 0.48022 0.324849 0.74404
0 0.581846 0.693803 0.0939724 0.380354 0.894235
39 0.477044 0.513744 0.15916 0.628609 0.810865
56 0.881409 0.895043 0.234909 0.207807 0.801481
0 0.241755 0.83204 0.480926 0.316194 0.690373
39 0.476654 0.515941 0.159166 0.630525 0.917024
0 0.585383 0.694521 0.0942273 0.379744 0.90042
56 0.881503 0.894324 0.23467 0.209212 0.759846
0 0.238033 0.82956 0.474775 0.304329 0.718883
0 0.58467 0.694046 0.0941412 0.378325 0.906212
39 0.478393 0.521389 0.161834 0.631499 0.861985
0 0.240233 0.836868 0.479289 0.308192 0.705181
56 0.880838 0.894157 0.235585 0.209846 0.685669
14 0.151329 0.724795 0.286609 0.120769 0.565406
0 0.582998 0.693348 0.0943489 0.378512 0.909638
39 0.47594 0.515589 0.160705 0.628926 0.907939
56 0.881294 0.894963 0.235307 0.20803 0.745426
0 0.240613 0.828286 0.479708 0.304887 0.708834
55 0.568106 0.0377173 0.230452 0.0749892 0.325334
0 0.582976 0.69342 0.0964241 0.377922 0.908655
39 0.472486 0.511492 0.159901 0.626338 0.859752
56 0.881197 0.895241 0.236043 0.207291 0.811916
0 0.240653 0.830615 0.478631 0.319656 0.693901
0 0.581093 0.693829 0.0953291 0.378893 0.906158
56 0.880795 0.894903 0.23606 0.208106 0.785932
39 0.435493 0.522784 0.165505 0.652171 0.457073
0 0.247735 0.838141 0.492685 0.31917 0.330834
0 0.579796 0.693397 0.0943383 0.378807 0.912422
56 0.881231 0.895121 0.235392 0.207572 0.828411
39 0.401202 0.613621 0.198883 0.772445 0.601139
0 0.230603 0.840996 0.460041 0.299154 0.440852
55 0.570477 0.037487 0.231987 0.0743691 0.297366
0 0.57867 0.693973 0.0953423 0.377694 0.907098
56 0.881026 0.894299 0.235834 0.209234 0.844737
0 0.577301 0.693703 0.0968183 0.377825 0.914924
56 0.881191 0.894936 0.236324 0.207953 0.810217
56 0.356238 0.870813 0.238307 0.257486 0.344412
24 0.381994 0.869902 0.18976 0.258889 0.309875
56 0.104452 0.871456 0.208734 0.217585 0.256615
0 0.57693 0.692977 0.0975503 0.378028 0.914418
56 0.881378 0.894807 0.235485 0.208099 0.743634
0 0.125696 0.37472 0.250558 0.74935 0.600093
24 0.382827 0.869599 0.193516 0.258752 0.563374
74 0.57208 0.391651 0.0260656 0.0342546 0.252274
0 0.578322 0.69224 0.096997 0.37936 0.911658
56 0.881652 0.894316 0.234592 0.209576 0.829382
0 0.0910921 0.374929 0.181269 0.745689 0.400965
56 0.356973 0.87084 0.238366 0.257536 0.399944
74 0.572159 0.391603 0.025668 0.0338701 0.27555
0 0.584073 0.693324 0.0952417 0.380689 0.915697
56 0.881202 0.894502 0.235315 0.208796 0.799431
74 0.572008 0.391502 0.0255306 0.0339662 0.361419
56 0.357391 0.870674 0.239336 0.258155 0.346711
24 0.378319 0.870007 0.19756 0.259144 0.296568
56 0.133546 0.867821 0.26673 0.249692 0.294509
0 0.588642 0.693842 0.0985441 0.380136 0.903958
56 0.880778 0.895053 0.236184 0.208081 0.814558
24 0.380193 0.870344 0.192308 0.255996 0.29018
74 0.572086 0.391676 0.0256559 0.0338027 0.253574
0 0.595361 0.697696 0.109433 0.386471 0.901056
56 0.881425 0.894697 0.23547 0.20826 0.789134
0 0.1473 0.491347 0.294247 0.577866 0.40823
24 0.380022 0.870068 0.194211 0.257642 0.392045
56 0.357707 0.871149 0.237218 0.257157 0.268825
56 0.0982367 0.87252 0.196086 0.231417 0.258545
56 0.881799 0.893761 0.234585 0.210313 0.790023
0 0.594076 0.453104 0.231371 0.904758 0.423305
0 0.142718 0.48963 0.282636 0.974473 0.396458
0 0.206342 0.499445 0.408272 0.995734 0.864889
39 0.64846 0.477875 0.234964 0.952897 0.854946
56 0.881023 0.895013 0.235127 0.207978 0.750749
75 0.647049 0.47925 0.232696 0.954719 0.381992
0 0.18144 0.50076 0.358694 0.994019 0.799757
56 0.881663 0.892259 0.234728 0.213488 0.761577
24 0.37082 0.865813 0.174236 0.254208 0.542177
75 0.536455 0.58768 0.257537 0.821848 0.482419
39 0.51802 0.601631 0.263972 0.792514 0.879089
0 0.146716 0.499879 0.288504 0.993374 0.86304
56 0.880623 0.895202 0.236314 0.207461 0.760431
75 0.518659 0.60242 0.265066 0.793076 0.514453
0 0.617347 0.705628 0.135986 0.580723 0.875242
0 0.156893 0.500112 0.310528 0.993475 0.799428
75 0.440115 0.605371 0.256034 0.787354 0.766148
39 0.441069 0.604173 0.256819 0.787979 0.732718
56 0.880861 0.894839 0.236042 0.208447 0.614645
0 0.544363 0.63062 0.141824 0.733423 0.878543
56 0.880908 0.895351 0.236625 0.206986 0.870596
0 0.144001 0.499926 0.28493 0.992474 0.818073
39 0.402195 0.581979 0.263635 0.831476 0.781875
75 0.402323 0.582215 0.265067 0.830622 0.630232
56 0.880969 0.893299 0.236102 0.211347 0.816124
39 0.441474 0.621884 0.256284 0.750137 0.763768
0 0.472873 0.501204 0.327262 0.989499 0.739424
75 0.440742 0.622516 0.256935 0.75232 0.667391
0 0.152678 0.500856 0.299594 0.995338 0.619655
0 0.307736 0.500535 0.611409 0.994287 0.332568
56 0.881146 0.89455 0.235902 0.208937 0.875557
39 0.444966 0.626523 0.251372 0.742609 0.780241
0 0.597052 0.498936 0.287859 0.996127 0.682921
75 0.444496 0.627026 0.252071 0.742529 0.631212
0 0.156311 0.500785 0.307502 0.995251 0.599105
0 0.302968 0.500733 0.602293 0.994004 0.355186
56 0.881219 0.894728 0.235649 0.208562 0.872712
0 0.628261 0.499396 0.259931 0.998793 0.857455
39 0.445329 0.626839 0.249712 0.741829 0.82562
0 0.156579 0.501003 0.30833 0.996197 0.605226
0 0.291899 0.500561 0.580574 0.993746 0.290786
0 0.621134 0.499479 0.255357 0.998933 0.878608
39 0.446105 0.625091 0.25047 0.745096 0.83586
56 0.880875 0.892712 0.236049 0.212551 0.765188
0 0.153238 0.501267 0.301968 0.995654 0.667524
75 0.445556 0.625769 0.251207 0.745614 0.418601
0 0.609525 0.498387 0.2786 0.996462 0.790719
39 0.446654 0.62583 0.250322 0.74411 0.769931
75 0.446052 0.626788 0.251363 0.74377 0.711311
0 0.163831 0.500045 0.32412 0.993257 0.604114
0 0.87911 0.892088 0.239921 0.214173 0.528093
0 0.29189 0.500374 0.577445 0.994133 0.281938
0 0.164905 0.500482 0.326998 0.993123 0.791084
39 0.445979 0.624147 0.250197 0.748352 0.753338
0 0.612209 0.499056 0.275399 0.997678 0.73966
75 0.445474 0.624469 0.251146 0.748183 0.631226
0 0.879611 0.893167 0.238839 0.21203 0.580999
75 0.445907 0.621293 0.250789 0.755137 0.838053
0 0.619897 0.498899 0.262724 0.997448 0.757859
0 0.16422 0.499882 0.324851 0.993128 0.72995
39 0.44639 0.619821 0.25105 0.75608 0.589613
0 0.880549 0.890688 0.237 0.217059 0.496756
39 0.443107 0.626326 0.25341 0.743675 0.904274
0 0.619018 0.499604 0.262712 0.999132 0.882041
56 0.88106 0.895291 0.235431 0.20732 0.763563
0 0.160787 0.500058 0.3184 0.993049 0.749727
0 0.607552 0.499239 0.281783 0.99771 0.839213
39 0.443099 0.629265 0.250665 0.736575 0.827883
56 0.880439 0.894922 0.236931 0.208097 0.822872
0 0.160935 0.500006 0.318682 0.99385 0.801748
75 0.44183 0.62978 0.251344 0.737887 0.57794
56 0.880726 0.894624 0.236516 0.208683 0.82126
39 0.446577 0.62744 0.251096 0.740395 0.769997
75 0.446235 0.628098 0.251522 0.741066 0.701566
0 0.589717 0.489196 0.315874 0.978392 0.699779
0 0.126895 0.498678 0.248167 0.993323 0.685834
0 0.323669 0.500829 0.644205 0.994716 0.332008
0 0.604475 0.498627 0.308524 0.997229 0.82189
75 0.449564 0.631106 0.249386 0.735443 0.797756
39 0.449853 0.63018 0.248332 0.734349 0.777894
56 0.880232 0.894605 0.237595 0.209297 0.731055
0 0.152254 0.501009 0.298026 0.995398 0.628046
0 0.309579 0.498569 0.616098 0.997138 0.347078
0 0.606805 0.498952 0.306761 0.997903 0.826707
39 0.449082 0.632552 0.250334 0.730858 0.780341
0 0.151083 0.501336 0.297334 0.995421 0.715252
75 0.449209 0.633283 0.250813 0.731245 0.712838
56 0.880772 0.892392 0.236923 0.213767 0.57844
0 0.34346 0.498576 0.685103 0.997151 0.283262
0 0.602616 0.498986 0.308089 0.997825 0.826393
56 0.881059 0.893922 0.235887 0.210136 0.788294
39 0.450618 0.633428 0.249584 0.728579 0.782882
0 0.152189 0.501437 0.299179 0.994844 0.736556
75 0.450665 0.634117 0.24977 0.728592 0.525826
0 0.605523 0.499333 0.309037 0.997997 0.875413
39 0.451 0.636759 0.250987 0.722578 0.827718
75 0.451274 0.637375 0.250355 0.722602 0.698297
56 0.881137 0.893781 0.235647 0.21046 0.675303
0 0.167091 0.500533 0.329512 0.993479 0.578395
0 0.318804 0.500873 0.631728 0.994694 0.355233
0 0.60682 0.499445 0.308148 0.998316 0.867559
39 0.451342 0.636978 0.252893 0.722479 0.801247
56 0.881247 0.89227 0.235588 0.213569 0.774945
75 0.452279 0.637627 0.250585 0.722767 0.694835
0 0.1671 0.500416 0.329893 0.993927 0.512872
0 0.318622 0.500618 0.632395 0.994115 0.396709
0 0.60223 0.499006 0.307601 0.997974 0.884199
56 0.879996 0.892992 0.238409 0.21201 0.840257
75 0.452213 0.639096 0.250015 0.720024 0.822736
0 0.133785 0.498907 0.261321 0.994301 0.753828
39 0.451319 0.638096 0.252181 0.720001 0.725652
0 0.247017 0.501506 0.489657 0.99411 0.317013
39 0.453629 0.639863 0.249578 0.716341 0.865313
0 0.603109 0.498432 0.308953 0.996864 0.791396
56 0.880795 0.891835 0.23667 0.214864 0.571496
0 0.304651 0.498564 0.606162 0.997127 0.558645
0 0.136163 0.499347 0.263662 0.99552 0.548728
0 0.610095 0.499034 0.300583 0.998069 0.878445
0 0.136736 0.498878 0.26662 0.994371 0.840797
56 0.880931 0.892753 0.236042 0.212464 0.836309
39 0.457601 0.641289 0.250142 0.714018 0.786593
75 0.456817 0.641505 0.249969 0.714877 0.726584
0 0.601932 0.499272 0.324765 0.998545 0.875131
39 0.456084 0.644873 0.249239 0.705515 0.791864
56 0.880603 0.892924 0.23687 0.21265 0.705595
0 0.14674 0.501383 0.288307 0.995204 0.644041
75 0.456495 0.646065 0.248221 0.706545 0.629809
0 0.582548 0.49927 0.363075 0.99854 0.85795
56 0.881157 0.893476 0.235833 0.211473 0.80936
0 0.141456 0.50093 0.277495 0.993999 0.795276
75 0.457004 0.656194 0.24923 0.686132 0.762336
39 0.456578 0.655052 0.249981 0.685591 0.66854
0 0.57009 0.500063 0.395388 0.997454 0.932282
0 0.123765 0.500158 0.24073 0.99391 0.879972
56 0.881346 0.892557 0.235755 0.213465 0.69686
79 0.0148735 0.685452 0.0294366 0.142771 0.404449
0 0.577528 0.4994 0.395216 0.998801 0.938358
0 0.11458 0.5009 0.225809 0.99423 0.773951
56 0.880833 0.892486 0.236598 0.21351 0.593571
0 0.556705 0.499491 0.373293 0.998328 0.937528
0 0.11307 0.500064 0.222358 0.993781 0.913745
56 0.881017 0.893622 0.235757 0.210684 0.676392
0 0.530931 0.49939 0.348384 0.998779 0.929435
0 0.187729 0.500994 0.366805 0.993109 0.903776
56 0.881188 0.891751 0.235585 0.2151 0.543652
0 0.586507 0.500209 0.458778 0.997862 0.935003
0 0.189959 0.469423 0.378129 0.936327 0.75529
56 0.89955 0.894948 0.198797 0.20797 0.27691
0 0.704417 0.499412 0.585207 0.998033 0.949116
0 0.181678 0.500085 0.359923 0.996846 0.876618
0 0.668709 0.499217 0.529468 0.998433 0.924439
56 0.880749 0.895289 0.236365 0.207626 0.823933
0 0.366233 0.49833 0.730267 0.996659 0.783433
0 0.577764 0.49946 0.350493 0.998673 0.933138
56 0.880653 0.892911 0.2365 0.212349 0.820464
0 0.1457 0.499528 0.290592 0.993118 0.746284
39 0.561151 0.975227 0.0253149 0.0485865 0.618323
0 0.548305 0.501614 0.335596 0.994289 0.93342
0 0.120858 0.499069 0.235767 0.995217 0.870044
56 0.880475 0.894036 0.236386 0.209642 0.792439
0 0.151746 0.500275 0.295823 0.995353 0.933757
0 0.522941 0.521537 0.337331 0.954733 0.921318
56 0.880943 0.895515 0.235913 0.206809 0.838564
0 0.505655 0.526976 0.363727 0.94319 0.933139
0 0.15202 0.499635 0.295351 0.996086 0.921737
56 0.880153 0.894446 0.236943 0.209076 0.567051
0 0.509848 0.527299 0.363997 0.942176 0.944721
0 0.150234 0.499858 0.29331 0.99502 0.928909
56 0.880518 0.890228 0.237524 0.217469 0.750251
65 0.426028 0.365407 0.0817347 0.156573 0.257376
0 0.532908 0.526383 0.358282 0.945743 0.932899
56 0.880255 0.894148 0.236993 0.209732 0.819671
0 0.146258 0.343811 0.289923 0.685339 0.511254
0 0.549151 0.514925 0.370436 0.939023 0.841121
0 0.169518 0.46105 0.336266 0.9175 0.817423
56 0.879336 0.892676 0.238677 0.212578 0.665291
56 0.879024 0.891912 0.239662 0.21383 0.811925
0 0.177716 0.499544 0.351665 0.995159 0.799145
0 0.362193 0.501218 0.722593 0.994767 0.689928
0 0.551846 0.425827 0.358199 0.770365 0.510341
0 0.516121 0.519837 0.46918 0.957967 0.480236
0 0.498268 0.423858 0.25201 0.767243 0.290575
67 0.494658 0.239385 0.0271303 0.0852544 0.262339
0 0.179239 0.499584 0.354481 0.995598 0.737283
0 0.523598 0.453739 0.291993 0.825565 0.586406
0 0.469608 0.500549 0.936803 0.994869 0.508615
65 0.69191 0.809593 0.106181 0.247873 0.426999
65 0.705105 0.873363 0.0848273 0.117368 0.386088
0 0.627629 0.520006 0.525961 0.959987 0.291308
0 0.1716 0.499305 0.338596 0.994453 0.766314
0 0.403794 0.500539 0.804727 0.994158 0.571934
0 0.521687 0.45542 0.286912 0.833165 0.533901
52 0.734095 0.898861 0.15219 0.200647 0.36076
56 0.896584 0.892327 0.205628 0.213 0.359016
0 0.588409 0.52034 0.570501 0.958229 0.341661
0 0.191243 0.499747 0.376602 0.99729 0.803273
0 0.526025 0.470972 0.299259 0.860299 0.702658
0 0.485772 0.500289 0.968913 0.994779 0.512375
26 0.559751 0.0366652 0.223296 0.0729593 0.261782
0 0.197273 0.499849 0.388486 0.996029 0.82475
0 0.515083 0.475776 0.334315 0.874619 0.729616
56 0.888712 0.891461 0.221 0.214968 0.565106
0 0.402529 0.500416 0.802178 0.995559 0.563337
0 0.200075 0.499793 0.394048 0.995951 0.87845
0 0.562317 0.518112 0.466294 0.961959 0.467857
0 0.515281 0.516667 0.320946 0.959422 0.427187
0 0.388388 0.50023 0.773401 0.994855 0.35168
0 0.205952 0.49961 0.406274 0.995972 0.827717
0 0.559085 0.480459 0.255824 0.882003 0.668132
0 0.410171 0.500794 0.816783 0.996085 0.589521
56 0.887059 0.889741 0.223142 0.218521 0.372027
0 0.21587 0.499406 0.426279 0.995065 0.883494
56 0.891939 0.891903 0.214196 0.214118 0.686074
0 0.603721 0.522287 0.500908 0.954729 0.587373
0 0.533336 0.520268 0.350333 0.949121 0.404248
0 0.224998 0.500148 0.444161 0.992248 0.807876
0 0.625549 0.502015 0.349116 0.973483 0.774791
36 0.795479 0.591404 0.199065 0.64657 0.448065
24 0.369567 0.866998 0.179232 0.257673 0.440529
0 0.427125 0.506312 0.841683 0.984369 0.371865
0 0.270371 0.818617 0.0434249 0.272189 0.333062
56 0.901798 0.891345 0.194593 0.21551 0.303218
0 0.215199 0.499544 0.424999 0.995603 0.888089
0 0.566199 0.499536 0.49486 0.997895 0.885956
56 0.89439 0.889065 0.209291 0.220227 0.32955
0 0.212412 0.49965 0.419492 0.996157 0.891315
0 0.570924 0.499403 0.514678 0.99631 0.863886
56 0.897986 0.892009 0.202733 0.213755 0.366652
0 0.215462 0.499604 0.425146 0.995854 0.898899
0 0.560506 0.49918 0.5019 0.996391 0.862389
56 0.895322 0.891018 0.207375 0.216474 0.274381
0 0.21443 0.499342 0.424925 0.995803 0.877441
0 0.565499 0.500859 0.523819 0.99735 0.839625
0 0.217765 0.499602 0.429381 0.995557 0.874008
0 0.553702 0.500482 0.498521 0.997428 0.855319
56 0.859498 0.886742 0.151515 0.220868 0.297294
56 0.894628 0.892048 0.208127 0.214131 0.270164
0 0.550401 0.499531 0.496307 0.997431 0.90096
0 0.216732 0.499606 0.427765 0.995497 0.886311
56 0.89443 0.892221 0.209638 0.213666 0.358499
0 0.55266 0.498965 0.500925 0.996097 0.924632
0 0.21998 0.499568 0.434518 0.995273 0.851415
56 0.893332 0.892764 0.211625 0.213065 0.301274
56 0.0413919 0.907017 0.0827837 0.124463 0.255662
0 0.555215 0.499334 0.497424 0.996002 0.916504
0 0.216672 0.499569 0.427517 0.995505 0.879479
56 0.904029 0.892608 0.190364 0.213069 0.286007
0 0.217506 0.499439 0.430475 0.995227 0.883082
0 0.568139 0.499464 0.501962 0.996727 0.850122
56 0.922125 0.892361 0.15402 0.213703 0.309007
51 0.892989 0.794614 0.0843269 0.0358306 0.304101
0 0.582149 0.500153 0.472439 0.996525 0.883986
0 0.211582 0.499372 0.418642 0.995614 0.872979
45 0.667987 0.856344 0.0744095 0.0468015 0.329785
0 0.205809 0.500082 0.407132 0.992567 0.679811
0 0.684843 0.536281 0.571876 0.926852 0.50773
0 0.441336 0.506197 0.877813 0.982952 0.334844
0 0.588744 0.5341 0.385828 0.93047 0.306792
0 0.360038 0.50061 0.719504 0.996661 0.843723
56 0.879194 0.892873 0.240002 0.212255 0.74777
0 0.635147 0.571976 0.460389 0.854693 0.733429
0 0.205777 0.499633 0.407066 0.992987 0.26146
73 0.750979 0.122621 0.0223396 0.0775291 0.258899
56 0.873602 0.892256 0.251167 0.213756 0.752515
0 0.203561 0.499834 0.401198 0.99582 0.63251
0 0.376697 0.501156 0.750371 0.996307 0.622461
0 0.630866 0.560977 0.427565 0.85631 0.610462
36 0.710972 0.696077 0.145582 0.59534 0.453456
24 0.354243 0.866419 0.147856 0.255581 0.30009
0 0.59482 0.538589 0.324602 0.837809 0.890248
56 0.877172 0.892691 0.243792 0.212561 0.754981
0 0.206672 0.49951 0.407808 0.995473 0.70604
0 0.384843 0.500859 0.76632 0.994627 0.409426
24 0.362651 0.865881 0.166177 0.254779 0.327755
0 0.566075 0.930406 0.360728 0.137657 0.270489
0 0.5884 0.551123 0.307899 0.789911 0.828092
0 0.207076 0.499569 0.409656 0.995864 0.72548
56 0.88038 0.893184 0.2387 0.212085 0.71824
0 0.391029 0.501239 0.779292 0.994791 0.431046
36 0.732456 0.64042 0.127636 0.542068 0.337134
24 0.36315 0.868048 0.163963 0.255066 0.328264
0 0.213543 0.49976 0.422436 0.99608 0.693298
0 0.584479 0.555565 0.31138 0.802455 0.579926
56 0.878611 0.890335 0.240826 0.216993 0.541627
0 0.387226 0.501878 0.771757 0.99484 0.470388
0 0.217275 0.499515 0.429268 0.99526 0.908243
56 0.878838 0.893887 0.239942 0.210131 0.674278
0 0.564667 0.499217 0.533339 0.998433 0.587721
0 0.452968 0.498813 0.309458 0.997626 0.56768
0 0.220609 0.49957 0.436432 0.994902 0.83761
0 0.580944 0.494948 0.345887 0.988813 0.667715
0 0.472332 0.500101 0.944532 0.996789 0.388447
56 0.878852 0.89135 0.24023 0.21533 0.252606
0 0.21956 0.499373 0.434459 0.994651 0.855979
0 0.624053 0.500237 0.517146 0.99815 0.792572
0 0.471757 0.499277 0.9398 0.997335 0.313727
0 0.220712 0.499322 0.436502 0.994834 0.870244
0 0.651837 0.500274 0.543781 0.998445 0.774883
0 0.470116 0.499344 0.937676 0.997303 0.26912
0 0.220338 0.499506 0.436202 0.995656 0.865884
0 0.559131 0.498864 0.338957 0.997727 0.75195
0 0.663411 0.499212 0.544704 0.998424 0.639005
0 0.476417 0.499752 0.951397 0.996938 0.340643
0 0.220014 0.499228 0.43444 0.994989 0.908257
0 0.591069 0.499374 0.553157 0.998749 0.816695
56 0.87842 0.89076 0.241143 0.216295 0.440162
0 0.219562 0.499415 0.43432 0.995157 0.914503
0 0.566379 0.425865 0.370213 0.85173 0.503494
0 0.591915 0.498821 0.460593 0.997642 0.424689
0 0.43737 0.499266 0.872133 0.997117 0.271013
26 0.369684 0.864132 0.176835 0.24857 0.252257
0 0.652757 0.500518 0.373961 0.994909 0.771128
0 0.46879 0.499849 0.931694 0.997356 0.72779
0 0.232846 0.499135 0.463054 0.995795 0.719798
56 0.879232 0.893077 0.238762 0.211939 0.376722
0 0.667202 0.499875 0.389194 0.997992 0.928707
0 0.2366 0.499834 0.47038 0.996093 0.928654
56 0.880644 0.894488 0.236719 0.209043 0.655107
24 0.376975 0.869436 0.195291 0.259846 0.558653
0 0.236096 0.499522 0.469563 0.995638 0.939016
0 0.680977 0.499796 0.427046 0.997568 0.917576
56 0.878924 0.890467 0.240234 0.21705 0.451206
24 0.373943 0.869279 0.197351 0.260673 0.423737
0 0.232408 0.499857 0.461846 0.995948 0.929638
0 0.691558 0.499266 0.447665 0.998532 0.918898
56 0.884776 0.891802 0.228497 0.214366 0.638212
24 0.372873 0.870378 0.198635 0.258338 0.558478
56 0.88075 0.713044 0.237277 0.572231 0.285394
0 0.692072 0.499788 0.459241 0.997002 0.929818
0 0.230712 0.499642 0.457792 0.993832 0.859003
56 0.878452 0.892697 0.241472 0.212427 0.69362
24 0.372521 0.869782 0.198125 0.259258 0.434978
0 0.231844 0.499569 0.460896 0.995798 0.937222
0 0.686929 0.499476 0.453935 0.998953 0.933347
56 0.873549 0.89377 0.250949 0.210536 0.66152
24 0.373193 0.870013 0.198562 0.259354 0.421884
0 0.696733 0.499222 0.477077 0.998444 0.929387
0 0.231672 0.499744 0.460089 0.99562 0.884016
56 0.876582 0.892903 0.244804 0.211891 0.540522
24 0.370968 0.867208 0.193419 0.254824 0.316238
56 0.877644 0.712367 0.243993 0.570727 0.271648
0 0.233487 0.499931 0.463513 0.995764 0.80193
56 0.879518 0.888305 0.240491 0.222227 0.692019
0 0.50677 0.499408 0.791723 0.998816 0.573763
0 0.701847 0.495618 0.415357 0.990856 0.497087
56 0.877056 0.889591 0.24405 0.219029 0.80014
0 0.472887 0.500886 0.778161 0.994385 0.745258
39 0.658445 0.528566 0.0967473 0.308595 0.422387
0 0.235856 0.499779 0.467581 0.993335 0.250593
0 0.224176 0.499164 0.443962 0.995114 0.758163
56 0.879611 0.889392 0.238267 0.218974 0.733584
0 0.375331 0.500556 0.74709 0.996443 0.721533
0 0.510246 0.499274 0.625625 0.998549 0.581449
0 0.636486 0.494164 0.360643 0.988329 0.444954
0 0.422612 0.49896 0.838661 0.997919 0.634826
39 0.677684 0.533713 0.122117 0.443687 0.523353
0 0.224943 0.499875 0.445174 0.992837 0.325088
27 0.680297 0.556691 0.110875 0.470972 0.709856
0 0.416232 0.499882 0.828794 0.99543 0.704054
73 0.751284 0.179109 0.0215688 0.168611 0.572846
0 0.562316 0.499854 0.615948 0.996608 0.392669
39 0.672688 0.535341 0.115606 0.500257 0.885972
0 0.50405 0.49975 0.981245 0.995186 0.76309
39 0.676973 0.530713 0.123502 0.510953 0.877937
0 0.38205 0.500704 0.759898 0.996203 0.862893
0 0.792972 0.49908 0.411399 0.993547 0.506933
0 0.530827 0.500797 0.932177 0.994206 0.299914
39 0.680706 0.539743 0.12788 0.522085 0.823096
0 0.612626 0.536389 0.771449 0.923025 0.804854
0 0.387143 0.49904 0.770805 0.99808 0.731284
0 0.223371 0.499619 0.442933 0.992417 0.400283
0 0.619602 0.602655 0.756221 0.791612 0.796347
0 0.455905 0.503111 0.909759 0.990426 0.763608
39 0.687419 0.552867 0.127357 0.534551 0.64717
0 0.224007 0.499386 0.443333 0.995289 0.502881
74 0.569406 0.390481 0.0269835 0.0343291 0.293211
0 0.39209 0.503 0.783283 0.990493 0.816676
0 0.61884 0.617034 0.755009 0.763688 0.747192
39 0.687958 0.569553 0.124899 0.533292 0.619305
0 0.869617 0.619365 0.258695 0.758116 0.512779
39 0.697022 0.569995 0.122717 0.516572 0.802234
0 0.41024 0.505474 0.82048 0.986596 0.792528
0 0.634267 0.622206 0.724955 0.752416 0.72034
0 0.87324 0.628614 0.25096 0.739501 0.260895
0 0.39511 0.505186 0.79022 0.987992 0.784664
0 0.637948 0.633671 0.718349 0.729586 0.722025
39 0.696341 0.583279 0.121417 0.503472 0.500604
24 0.371858 0.854663 0.191725 0.232106 0.289606
74 0.569913 0.390518 0.0273897 0.0347621 0.28727
0 0.64255 0.637486 0.709619 0.722348 0.747196
0 0.42256 0.50516 0.845053 0.987598 0.726775
39 0.69673 0.583071 0.122143 0.499927 0.695852
0 0.226552 0.499658 0.448863 0.994257 0.322808
24 0.375188 0.854059 0.184239 0.231749 0.29135
0 0.374721 0.500449 0.747799 0.997181 0.735572
0 0.642228 0.63815 0.709714 0.721873 0.698594
39 0.696437 0.582928 0.123138 0.501924 0.512398
0 0.227161 0.499756 0.44955 0.995598 0.405477
0 0.873494 0.637259 0.25111 0.722713 0.250376
0 0.399051 0.50512 0.798101 0.988438 0.775829
0 0.644006 0.638288 0.709312 0.722149 0.630345
39 0.694943 0.584791 0.121829 0.504857 0.515346
24 0.371584 0.85598 0.190084 0.231863 0.301572
74 0.56955 0.390554 0.0272438 0.0342752 0.262344
0 0.875274 0.636928 0.248208 0.722915 0.253997
0 0.396511 0.504079 0.793023 0.990014 0.761353
39 0.692375 0.582528 0.1236 0.506118 0.756191
0 0.633807 0.640216 0.728099 0.71835 0.751695
0 0.225847 0.499489 0.447593 0.992301 0.275498
0 0.383884 0.502168 0.763456 0.993174 0.783269
39 0.691043 0.586648 0.124107 0.509254 0.761238
0 0.639872 0.637145 0.714782 0.723473 0.660177
39 0.691447 0.584129 0.124656 0.506398 0.82116
0 0.447248 0.503464 0.894293 0.990788 0.78088
0 0.620751 0.638955 0.753164 0.72026 0.671437
39 0.692523 0.580675 0.124132 0.495408 0.842553
0 0.417833 0.504386 0.834624 0.988472 0.777336
0 0.642489 0.638115 0.709629 0.720988 0.701653
0 0.871837 0.637633 0.254348 0.721812 0.264666
0 0.416228 0.504212 0.832456 0.989564 0.75817
0 0.644138 0.637866 0.705892 0.721966 0.703115
39 0.692504 0.588518 0.124633 0.512694 0.671788
0 0.433968 0.503758 0.867818 0.990816 0.757438
39 0.693988 0.581311 0.124723 0.506336 0.735503
0 0.639158 0.639829 0.716388 0.717305 0.726127
24 0.371612 0.85726 0.191008 0.235817 0.373757
0 0.639731 0.638706 0.714946 0.719989 0.784487
0 0.379121 0.501675 0.755194 0.994364 0.749078
39 0.694735 0.58259 0.124248 0.500362 0.472668
74 0.569459 0.390251 0.0260614 0.034591 0.356169
0 0.416558 0.503628 0.832088 0.990772 0.76349
0 0.641446 0.637302 0.711686 0.722538 0.670142
39 0.696201 0.582403 0.123021 0.493915 0.569507
24 0.372005 0.856278 0.190484 0.234707 0.315995
0 0.416893 0.505362 0.832702 0.98847 0.763543
0 0.646748 0.638609 0.701599 0.721135 0.705485
39 0.695791 0.588315 0.121579 0.487877 0.681974
0 0.228069 0.499349 0.451214 0.994535 0.258962
0 0.394245 0.503111 0.787846 0.991758 0.818017
0 0.635934 0.637776 0.722171 0.722596 0.73051
39 0.667026 0.57154 0.101427 0.454435 0.557657
0 0.227044 0.49927 0.450154 0.994106 0.267129
24 0.364687 0.854713 0.204446 0.231893 0.251448
0 0.362483 0.50144 0.723723 0.996202 0.868624
0 0.870592 0.63941 0.257168 0.71757 0.833377
0 0.226777 0.499723 0.449598 0.994589 0.358171
0 0.640211 0.638493 0.715708 0.720445 0.325695
74 0.569319 0.390564 0.0259358 0.0348559 0.258405
0 0.341225 0.501293 0.678733 0.993347 0.923167
0 0.870559 0.64248 0.257191 0.71139 0.889374
0 0.338079 0.501367 0.669846 0.992787 0.881827
0 0.870149 0.643061 0.257386 0.710068 0.861812
67 0.705185 0.60458 0.397928 0.141306 0.415165
0 0.580231 0.640394 0.835055 0.716866 0.385544
67 0.623192 0.585821 0.430381 0.17008 0.828431
0 0.313424 0.501231 0.622642 0.995258 0.805471
0 0.531103 0.637415 0.935288 0.723849 0.669009
0 0.868851 0.638001 0.260572 0.720474 0.287165
56 0.0467068 0.907241 0.0931122 0.12795 0.260413
0 0.290552 0.50063 0.577917 0.994509 0.890459
0 0.869407 0.639276 0.259648 0.719198 0.803884
67 0.567459 0.554941 0.488999 0.177496 0.528795
43 0.566096 0.553466 0.488775 0.180174 0.501722
0 0.297262 0.501314 0.590294 0.994024 0.881694
0 0.870284 0.638749 0.257496 0.719278 0.613449
67 0.580858 0.571217 0.478055 0.191149 0.589174
0 0.540139 0.636568 0.919472 0.72508 0.474187
52 0.33013 0.789333 0.402845 0.420385 0.445367
43 0.579496 0.569545 0.475041 0.192419 0.296239
0 0.302276 0.501277 0.59957 0.994014 0.880968
67 0.591949 0.574831 0.473649 0.184755 0.78867
0 0.870749 0.638001 0.256704 0.72074 0.633561
0 0.529502 0.635812 0.940995 0.726945 0.610386
52 0.342868 0.78751 0.407516 0.424251 0.366247
0 0.304506 0.501159 0.603221 0.994218 0.885939
67 0.592759 0.574948 0.472061 0.180114 0.819701
0 0.872532 0.640625 0.252928 0.715807 0.623206
0 0.522285 0.634446 0.953244 0.728985 0.487393
52 0.350479 0.793431 0.420657 0.412468 0.289857
67 0.590935 0.573296 0.466018 0.16357 0.905903
0 0.529158 0.644096 0.936608 0.709456 0.745284
0 0.306465 0.500432 0.60677 0.995346 0.648436
0 0.467362 0.499861 0.928733 0.996221 0.540458
67 0.597584 0.578824 0.452631 0.16235 0.910155
0 0.310678 0.500966 0.616033 0.993713 0.822741
0 0.558061 0.657297 0.879226 0.68099 0.567171
0 0.877761 0.64297 0.242815 0.710035 0.336918
67 0.600727 0.582513 0.458548 0.163765 0.91815
0 0.309675 0.501022 0.615407 0.994196 0.867371
0 0.528404 0.563483 0.937973 0.870221 0.583951
0 0.88239 0.62709 0.232995 0.742048 0.384849
0 0.311215 0.501239 0.616379 0.992823 0.900693
67 0.595497 0.578564 0.45173 0.162775 0.880644
0 0.859147 0.667358 0.280144 0.661255 0.735271
0 0.528931 0.595071 0.932309 0.808293 0.343968
0 0.309319 0.501032 0.612471 0.992538 0.915531
0 0.868111 0.665809 0.262331 0.664518 0.838743
67 0.592455 0.574265 0.455455 0.15919 0.828619
0 0.308362 0.501535 0.610346 0.992414 0.900072
67 0.593362 0.580363 0.456827 0.161014 0.875099
0 0.869795 0.654099 0.257967 0.688776 0.866822
0 0.868613 0.648752 0.261232 0.698731 0.92546
0 0.306684 0.501597 0.607191 0.99165 0.90219
67 0.593356 0.593575 0.456998 0.17591 0.681419
0 0.862025 0.643289 0.274143 0.710037 0.907958
0 0.306029 0.501631 0.60672 0.99275 0.906051
67 0.593119 0.593591 0.455353 0.178513 0.736983
43 0.589749 0.591533 0.454062 0.174962 0.331138
0 0.306544 0.501751 0.608303 0.992449 0.880214
67 0.596884 0.596701 0.453349 0.177833 0.707792
0 0.848825 0.634552 0.298915 0.728475 0.558422
0 0.529774 0.620149 0.935876 0.757579 0.448703
0 0.658818 0.632784 0.676121 0.731662 0.305169
0 0.306704 0.501558 0.608347 0.993132 0.89162
67 0.596831 0.595536 0.452949 0.176801 0.764609
0 0.848713 0.636259 0.299794 0.724924 0.649653
0 0.532666 0.623315 0.93261 0.750791 0.571855
0 0.308943 0.501643 0.613578 0.992934 0.846545
67 0.601966 0.595712 0.450251 0.175725 0.846131
0 0.539399 0.627338 0.917316 0.743937 0.610032
0 0.850738 0.63524 0.296111 0.726632 0.440177
0 0.309955 0.501418 0.615464 0.995289 0.853145
67 0.601611 0.597367 0.448916 0.171743 0.830564
0 0.828273 0.64025 0.342098 0.717232 0.72866
0 0.537376 0.629948 0.924262 0.737653 0.399355
0 0.82249 0.647477 0.353434 0.70285 0.950362
0 0.197016 0.500645 0.392538 0.994978 0.830023
24 0.381541 0.868663 0.19046 0.258713 0.556762
0 0.823071 0.648098 0.352626 0.701941 0.949462
0 0.0919788 0.592652 0.181864 0.811138 0.517004
0 0.83415 0.648007 0.330638 0.700705 0.9402
56 0.35759 0.871108 0.240542 0.256754 0.345817
0 0.826807 0.648366 0.344882 0.701232 0.939599
24 0.382626 0.869615 0.194182 0.258697 0.542938
0 0.817125 0.648378 0.364264 0.701384 0.949737
24 0.382709 0.87101 0.189768 0.255629 0.362494
0 0.800846 0.65042 0.396929 0.697052 0.961174
24 0.378954 0.869818 0.19992 0.259226 0.531978
56 0.0983001 0.874758 0.196075 0.232996 0.273401
0 0.800694 0.649887 0.397171 0.698039 0.962439
24 0.382524 0.871014 0.196969 0.256864 0.387129
56 0.131479 0.865388 0.262958 0.250474 0.27591
56 0.359175 0.870453 0.244531 0.258233 0.274353
0 0.805669 0.647891 0.387217 0.702119 0.962442
24 0.379517 0.869408 0.19885 0.259665 0.290063
56 0.132306 0.861356 0.264611 0.261002 0.262129
0 0.80746 0.647627 0.383542 0.702627 0.963382
24 0.381323 0.869381 0.195784 0.258167 0.435438
0 0.809386 0.646961 0.379889 0.704217 0.960634
0 0.0536749 0.563242 0.105748 0.867033 0.66201
56 0.358028 0.870899 0.241223 0.257664 0.428563
0 0.0833878 0.564531 0.165306 0.870797 0.292607
0 0.80685 0.644715 0.384824 0.707994 0.958791
0 0.151497 0.501086 0.299574 0.990317 0.600497
0 0.815224 0.641372 0.367685 0.71475 0.927239
0 0.325563 0.500792 0.641723 0.992536 0.860027
0 0.808087 0.64608 0.382181 0.705414 0.869447
0 0.316104 0.501674 0.622839 0.991489 0.82708
0 0.811897 0.647021 0.374577 0.703502 0.90592
0 0.316353 0.499751 0.621011 0.995542 0.905566
76 0.661955 0.438767 0.0296036 0.129212 0.276791
0 0.81352 0.649425 0.371928 0.698717 0.940725
0 0.309649 0.501158 0.608756 0.992161 0.84272
76 0.661731 0.43856 0.0298281 0.128826 0.296818
0 0.812329 0.64985 0.373321 0.697663 0.919519
0 0.306653 0.500293 0.603814 0.996695 0.629885
0 0.30586 0.499888 0.599571 0.995528 0.938234
0 0.814593 0.650175 0.369392 0.697584 0.933995
44 0.973196 0.688871 0.0527657 0.0404671 0.27151
0 0.814417 0.650536 0.369499 0.696843 0.924272
0 0.306507 0.499817 0.602634 0.995682 0.913865
44 0.972941 0.682 0.0527441 0.0508588 0.580639
0 0.81372 0.648485 0.371116 0.700867 0.944769
0 0.241452 0.500757 0.473134 0.994059 0.764202
71 0.646845 0.918973 0.0689949 0.0793751 0.451886
38 0.661203 0.438553 0.0290703 0.129066 0.31226
0 0.392981 0.675363 0.463014 0.648251 0.309312
0 0.817231 0.645339 0.364032 0.706835 0.935441
0 0.332392 0.500754 0.654444 0.993543 0.764662
54 0.371605 0.79647 0.296192 0.406709 0.339688
0 0.414438 0.679603 0.461595 0.639009 0.299015
0 0.150361 0.49927 0.295323 0.993111 0.286284
0 0.819079 0.646695 0.360117 0.703892 0.892993
0 0.336362 0.501122 0.663284 0.994131 0.733914
74 0.570002 0.390652 0.0263458 0.0345361 0.252816
0 0.821878 0.646193 0.355232 0.704974 0.890494
0 0.331907 0.501262 0.653316 0.994616 0.788167
0 0.822304 0.645256 0.354525 0.706576 0.912953
0 0.346372 0.500312 0.681228 0.995626 0.81017
0 0.342637 0.500562 0.675952 0.995449 0.711351
0 0.709836 0.648158 0.577022 0.701602 0.674101
0 0.821941 0.647912 0.354016 0.701281 0.561946
0 0.822121 0.645388 0.354733 0.706636 0.870565
0 0.337355 0.500932 0.665129 0.995267 0.763465
74 0.570245 0.390574 0.0267854 0.0346284 0.28403
0 0.816259 0.645058 0.36595 0.707419 0.949543
0 0.332393 0.50108 0.656438 0.99412 0.725688
74 0.570236 0.390633 0.0262715 0.034627 0.411774
0 0.822881 0.644302 0.352178 0.708512 0.915021
0 0.336216 0.500748 0.661281 0.994673 0.614266
0 0.422092 0.694775 0.483924 0.609104 0.368061
38 0.661053 0.438406 0.0294226 0.12894 0.305093
0 0.820711 0.644633 0.35672 0.707848 0.911497
0 0.329893 0.500034 0.64608 0.994163 0.898034
0 0.84699 0.6431 0.304307 0.709992 0.878797
0 0.36272 0.500351 0.7151 0.993157 0.621029
0 0.487409 0.499236 0.966234 0.992698 0.822672
0 0.518973 0.641107 0.958995 0.714301 0.71719
0 0.403991 0.500181 0.798686 0.994991 0.780614
0 0.595801 0.642069 0.805523 0.713019 0.621785
0 0.165066 0.492173 0.324874 0.981147 0.253149
0 0.408363 0.499508 0.805734 0.994986 0.839769
0 0.528034 0.645032 0.93912 0.706301 0.597003
0 0.405363 0.500289 0.801708 0.995246 0.836412
0 0.551245 0.644287 0.89274 0.707875 0.713475
76 0.660029 0.422372 0.0319546 0.0976145 0.265126
0 0.442711 0.499952 0.876087 0.993814 0.794911
0 0.646401 0.643709 0.704582 0.710292 0.709686
0 0.643227 0.644363 0.711117 0.708626 0.795433
0 0.427732 0.499822 0.844472 0.995044 0.774037
0 0.405291 0.500043 0.801907 0.995827 0.780896
0 0.658726 0.644756 0.681136 0.707524 0.601328
0 0.162001 0.497578 0.316513 0.99067 0.335768
0 0.381332 0.499823 0.752392 0.995536 0.707361
0 0.647671 0.643785 0.703213 0.710582 0.704464
0 0.850577 0.641629 0.297935 0.714292 0.277871
0 0.134858 0.499829 0.264353 0.996243 0.271408
76 0.660421 0.437218 0.030411 0.128517 0.265189
0 0.405897 0.499136 0.801889 0.996537 0.857749
0 0.578769 0.64305 0.836847 0.712225 0.772842
0 0.381856 0.499522 0.754469 0.995738 0.879783
0 0.596684 0.644044 0.801302 0.709899 0.738533
0 0.849093 0.644225 0.300292 0.70879 0.336635
0 0.814722 0.638382 0.368673 0.720785 0.956161
56 0.35533 0.870428 0.242033 0.258724 0.411235
24 0.379222 0.869996 0.195573 0.258874 0.252855
0 0.80729 0.640195 0.38386 0.717187 0.960864
56 0.359433 0.872623 0.239367 0.25379 0.352835
56 0.109217 0.879606 0.217985 0.233851 0.29152
0 0.807161 0.64174 0.384175 0.714383 0.96254
24 0.383936 0.871034 0.195995 0.256892 0.396857
56 0.360671 0.8713 0.242781 0.257235 0.276514
0 0.80877 0.6393 0.380943 0.719118 0.960852
24 0.383723 0.870896 0.20084 0.256421 0.400627
0 0.808522 0.63815 0.381413 0.721371 0.961012
56 0.113736 0.875464 0.227173 0.233659 0.313494
56 0.360224 0.871224 0.246188 0.257164 0.296743
24 0.376822 0.870641 0.210638 0.258285 0.262632
0 0.80957 0.638214 0.379451 0.720659 0.954409
24 0.377055 0.869945 0.204276 0.258138 0.319509
56 0.101386 0.873492 0.202255 0.235244 0.295693
0 0.814486 0.636147 0.368635 0.725238 0.94959
56 0.358882 0.871494 0.23879 0.256347 0.399386
0 0.821261 0.634243 0.35335 0.728911 0.951035
56 0.359454 0.871783 0.239395 0.255569 0.410373
0 0.824536 0.636722 0.347984 0.724104 0.947576
56 0.0976021 0.870824 0.194584 0.218333 0.399714
56 0.359025 0.870286 0.24239 0.258548 0.365823
2 0.669148 0.859684 0.0907109 0.0489689 0.329537
0 0.831524 0.642058 0.334362 0.713035 0.947493
24 0.379001 0.870802 0.202309 0.257269 0.350457
0 0.831316 0.644249 0.334332 0.708732 0.946217
56 0.358553 0.871223 0.241656 0.256872 0.335464
0 0.853893 0.6359 0.289729 0.725542 0.907323
24 0.379634 0.869294 0.202279 0.260235 0.463057
0 0.835997 0.635256 0.325061 0.727286 0.954124
24 0.379977 0.871111 0.20467 0.256841 0.37207
0 0.795748 0.700471 0.406138 0.596232 0.686062
24 0.381717 0.870025 0.196807 0.257306 0.510178
56 0.0973654 0.869534 0.194301 0.222992 0.340326
59 0.107944 0.956885 0.213073 0.0848928 0.275181
0 0.720559 0.61741 0.558881 0.762668 0.799387
24 0.382315 0.869532 0.191127 0.258446 0.541339
59 0.106654 0.956859 0.210562 0.0850202 0.291012
56 0.0973872 0.872396 0.193964 0.215292 0.281701
0 0.701807 0.530807 0.594347 0.934604 0.744929
15 0.702249 0.531795 0.595188 0.935201 0.537727
24 0.379462 0.870535 0.196686 0.257995 0.275795
59 0.10786 0.956374 0.213114 0.0862152 0.2573
15 0.717355 0.490558 0.562921 0.974176 0.671547
0 0.642303 0.4994 0.708418 0.996733 0.813447
0 0.5287 0.52725 0.658982 0.943623 0.837201
38 0.664979 0.441087 0.0274538 0.127621 0.459522
56 0.100063 0.868142 0.199409 0.212959 0.325553
0 0.922846 0.919033 0.153201 0.160276 0.298876
60 0.104657 0.957478 0.206665 0.0838699 0.258218
0 0.540561 0.585924 0.533935 0.826403 0.772684
38 0.664891 0.440315 0.0302135 0.127588 0.300832
59 0.89985 0.889672 0.19899 0.217515 0.285512
0 0.547286 0.588983 0.579917 0.818361 0.729433
56 0.0952275 0.912118 0.189119 0.143284 0.287386
0 0.545081 0.576117 0.615373 0.845354 0.923247
0 0.564398 0.0380872 0.226991 0.075561 0.290246
0 0.550883 0.576877 0.65669 0.843379 0.866012
0 0.566866 0.566734 0.657674 0.864188 0.904463
0 0.591053 0.557846 0.649969 0.881234 0.921865
0 0.950723 0.95063 0.0968834 0.0979303 0.25617
0 0.60076 0.551896 0.689419 0.893827 0.933441
0 0.607231 0.545775 0.714907 0.906273 0.916292
0 0.569175 0.574306 0.654312 0.849818 0.900154
0 0.574261 0.571636 0.670694 0.854943 0.911754
0 0.574624 0.569751 0.66887 0.858654 0.90144
0 0.576401 0.567464 0.672757 0.863109 0.890164
0 0.574265 0.568527 0.670417 0.861323 0.901225
55 0.569878 0.0380321 0.227498 0.0755009 0.32
0 0.57491 0.567278 0.667824 0.862093 0.892299
0 0.573114 0.569375 0.667082 0.859701 0.908259
